30 418
4 20 185.854
20 22 190.937
22 27 202.636
13 27 222.838
4 27 277.931
11 28 285.365
9 10 332.954
4 13 368.104
6 7 368.294
13 22 369.751
22 24 371.946
9 16 376.256
8 9 387.967
4 24 389.897
4 14 447.154
8 11 450.188
14 28 450.337
24 28 459.829
14 22 468.765
3 12 487.999
7 11 495.39
11 15 506.317
0 12 510.464
23 24 521.042
8 10 523.923
8 15 536.671
16 19 546.268
15 28 548.492
20 24 550.99
7 17 563.452
3 10 565.224
7 28 567.783
8 23 568.104
24 27 568.175
14 23 569.088
16 25 576.468
6 17 597.289
8 19 607.676
3 8 608.081
0 3 614.067
14 20 626.908
12 26 628.934
9 25 629.109
16 21 629.346
8 16 639.354
0 11 658.732
6 12 661.921
14 27 671.241
19 29 682.497
10 16 690.34
15 24 695.066
7 23 701.72
10 25 706.804
21 29 709.206
8 28 712.845
3 26 712.889
11 24 725.812
15 16 728.142
11 14 733.826
3 7 734.419
13 24 736.682
7 12 737.401
19 21 744.299
17 26 752.601
9 15 756.151
3 11 765.023
3 9 769.671
3 19 777.258
0 28 786.957
14 15 795.909
10 29 811.256
11 17 812.146
13 14 812.99
9 21 815.222
22 28 818.874
7 8 819.704
22 23 827.324
8 17 834.693
9 11 834.816
18 29 835.771
4 28 849.721
18 21 856.4
6 11 863.325
0 8 878.276
15 22 881.895
3 6 889.639
4 23 889.844
0 23 893.63
10 17 898.916
9 23 910.53
6 28 911.614
7 14 914.886
9 29 936.727
18 25 941.917
10 11 942.838
10 21 958.497
15 27 979.812
4 15 982.379
23 27 982.447
7 24 983.567
10 26 993.554
16 23 996.466
7 15 999.149
27 28 1000.65
3 23 1004.32
20 28 1005.41
11 16 1016.17
8 25 1016.93
20 23 1018.21
10 15 1019.76
17 28 1026.01
15 19 1028.67
3 28 1033.14
11 12 1036.05
10 12 1039.27
16 29 1041.13
8 12 1047.96
11 19 1054.65
15 20 1059.35
11 22 1062.91
6 23 1065.29
17 23 1067.4
2 29 1069.58
9 17 1076.27
9 28 1083.04
8 24 1087.66
10 23 1091.58
17 19 1109.65
0 26 1110.88
4 11 1111.29
3 15 1111.87
0 10 1124.43
8 14 1133.93
3 16 1137.24
6 8 1149.26
0 14 1149.34
0 15 1161.68
19 23 1163.04
7 10 1168.39
19 26 1175.01
6 14 1185.93
13 28 1188.46
7 9 1189.49
8 21 1189.78
13 23 1190.4
13 15 1202.3
16 28 1203.49
0 9 1211.48
0 24 1215.45
10 28 1222.09
11 27 1228.29
12 28 1239.32
11 20 1253.34
12 19 1253.45
9 12 1256.82
15 17 1260.68
3 25 1271.91
6 24 1281.01
15 25 1283.45
8 26 1288.39
8 29 1289.84
6 26 1290.76
12 23 1291.06
3 29 1306.75
9 26 1311.84
7 26 1315.7
0 19 1317.46
19 28 1320.26
7 19 1340.47
7 22 1355.42
15 21 1356.12
4 7 1359.09
8 22 1364.62
26 29 1365.68
6 15 1367.42
18 19 1385.75
2 26 1399.7
9 24 1410.18
6 10 1412.37
16 24 1422.98
16 17 1429.17
11 13 1430.57
14 17 1440.38
4 8 1443.25
7 16 1451.96
11 25 1460.8
2 18 1460.85
11 26 1471.62
16 18 1474.73
9 14 1477.74
3 14 1479.81
17 24 1481.94
12 15 1486.71
3 24 1488.29
8 27 1491.69
6 9 1494.9
23 25 1507.88
0 16 1516.7
3 21 1519.05
14 16 1521.83
7 20 1531.99
7 27 1548.37
8 20 1552.19
9 18 1567.56
16 22 1569.47
10 18 1569.74
2 25 1580.24
25 26 1583.62
0 22 1586.91
2 19 1588.08
0 4 1593.05
2 10 1595.59
17 25 1605
6 19 1605.95
10 24 1611.57
11 21 1614.32
12 16 1620.75
21 23 1621.69
16 27 1622.02
17 29 1629.49
4 6 1631.42
9 22 1637.27
12 14 1640.37
6 22 1648.86
10 14 1654.65
19 24 1672.13
15 29 1681.48
16 26 1681.97
4 16 1683.75
12 24 1690.69
25 28 1696.45
12 29 1705.63
8 13 1710.78
23 26 1715.78
7 13 1718.54
26 28 1727.64
16 20 1728.26
14 19 1732.12
9 27 1732.32
4 9 1733.37
11 29 1734.51
12 25 1742.78
0 20 1764.96
2 21 1766.84
0 27 1778.09
6 16 1788.45
0 25 1804.96
7 25 1808.72
6 20 1812.81
15 26 1814.22
9 20 1815.48
21 28 1824.15
2 3 1826.64
3 22 1827.04
13 16 1840.42
23 29 1843.47
17 22 1844.88
6 27 1848.51
17 21 1848.54
21 26 1858.4
2 9 1859.82
4 17 1870.24
3 4 1875.71
10 22 1881.06
19 22 1908.87
0 29 1910.11
0 13 1951.37
9 13 1955.15
8 18 1955.19
4 10 1964.32
24 25 1974.98
7 29 1975.8
1 18 1983.75
3 27 1986.76
10 27 1996.93
2 12 1997.07
12 21 1997.74
6 13 1998.65
28 29 2002.63
4 19 2003.06
7 21 2003.66
19 27 2005.55
3 20 2017.74
0 21 2022.53
17 27 2024.02
17 20 2030.94
2 17 2046.73
21 24 2049.78
12 22 2057.12
14 25 2061.5
10 20 2066.31
2 16 2068.61
4 12 2076.64
19 20 2087.99
6 25 2092.91
3 18 2111.55
2 8 2116.69
22 25 2143.21
14 21 2150.93
14 26 2164.54
21 22 2172.9
24 26 2187.02
18 26 2191.55
6 29 2193.16
3 13 2193.32
25 27 2198.46
15 18 2202.19
21 27 2202.71
13 17 2214.44
10 13 2218.44
13 19 2228.38
12 27 2239.65
12 20 2241.29
4 25 2254.99
4 21 2292.77
20 25 2304.22
6 21 2307.97
20 21 2319.82
24 29 2346.9
11 18 2401.69
0 2 2404.82
14 29 2412.24
13 21 2413.68
13 25 2416.59
12 13 2425.96
17 18 2442.36
18 23 2446.18
2 11 2500.79
22 26 2534.31
12 18 2534.39
2 7 2558.77
22 29 2562
1 21 2569.12
4 26 2576.55
2 15 2606.95
18 28 2637.78
2 6 2637.93
27 29 2640.06
4 29 2663.66
2 23 2679.87
0 18 2694.1
26 27 2697.92
20 26 2724.44
7 18 2726.16
20 29 2734.21
1 25 2783.28
2 28 2786.14
1 29 2816.92
13 29 2861.75
18 24 2897.25
13 26 2902.18
6 18 2981.8
14 18 2991.98
18 22 3029.29
18 27 3056.44
1 16 3147.52
4 18 3148.94
18 20 3175.28
2 24 3200.87
1 2 3225.86
2 14 3231.79
13 18 3265.13
1 19 3276.69
1 9 3384.29
2 22 3476.36
1 10 3482.58
2 4 3559.52
2 27 3586.76
2 20 3660.78
1 8 3755.56
2 13 3809.18
1 15 3813.48
1 3 4045.1
1 23 4125.08
1 11 4163.24
1 26 4174.86
1 28 4339.21
1 17 4379.62
1 27 4394.23
1 22 4449.97
1 24 4456.97
1 12 4494.82
1 5 4523.93
1 20 4535.92
1 13 4552.64
1 7 4572.39
1 4 4582.49
1 14 4584.45
0 1 4586.6
2 5 4675.27
1 6 4873.71
5 18 4977.38
5 29 5407.16
5 25 5813.07
5 21 5815.73
5 26 6033.8
5 19 6084.02
5 10 6169.9
5 9 6343.86
5 16 6389.03
3 5 6495.73
5 12 6655.25
5 8 6683.6
5 17 6720.83
0 5 7080.05
5 15 7082.2
5 11 7112.29
5 7 7230.02
5 23 7246.71
5 6 7307.72
5 28 7391.71
5 24 7754.02
5 14 7815.67
5 22 7954.88
5 27 8009.15
4 5 8063.16
5 20 8117.24
5 13 8224.67

